gj729_60s_lightcurve_counts.ecsv
# %ECSV 0.9
# ---
# datatype:
# - {name: t0, datatype: float64}
# - {name: t1, datatype: float64}
# - {name: t, datatype: float64}
# - {name: f, datatype: float64}
# - {name: e, datatype: float64}
# schema: astropy-2.0
t0 t1 t f e
0.006875 58.2529326923 29.1299038462 9.04610584838 0.497553169519
58.2529326923 116.498990385 87.3759615385 7.4425638502 0.47722684658
116.498990385 174.745048077 145.622019231 8.3404786875 0.475367186862
174.745048077 232.991105769 203.868076923 8.61174168275 0.482426918293
232.991105769 291.237163462 262.114134615 7.72927852332 0.46344257391
291.237163462 349.483221154 320.360192308 7.49063576828 0.469204085592
349.483221154 407.729278846 378.60625 7.69494143957 0.470324104471
407.729278846 465.975336538 436.852307692 8.88815524753 0.500459372978
465.975336538 524.221394231 495.098365385 8.44005624963 0.490215294631
524.221394231 582.467451923 553.344423077 9.37230818297 0.50314965528
582.467451923 640.713509615 611.590480769 13.2472485448 0.561986001165
640.713509615 698.959567308 669.836538462 8.6649641724 0.489502253886
698.959567308 nan nan 8.14475729329 0.483568123075
nan nan nan nan nan
nan 3586.54921959 nan 7.7511826751 0.464378188978
3586.54921959 3646.04981741 3616.2995185 8.16630455639 0.475025283392
3646.04981741 3705.55041524 3675.80011633 7.95958393813 0.460168230365
3705.55041524 3765.05101307 3735.30071415 6.97135858002 0.454504652413
3765.05101307 3824.55161089 3794.80131198 8.87217980904 0.473357415323
3824.55161089 3884.05220872 3854.30190981 7.71252760311 0.466928895092
3884.05220872 3943.55280654 3913.80250763 8.9814224079 0.473521483994
3943.55280654 4003.05340437 3973.30310546 8.17638848708 0.472365826935
4003.05340437 4062.5540022 4032.80370328 7.71756956144 0.452767435953
4062.5540022 4122.05460002 4092.30430111 7.81000561449 0.467243353887
4122.05460002 4181.55519785 4151.80489894 8.53772939333 0.476992380851
4181.55519785 4241.05579568 4211.30549676 8.16294324483 0.473548325974
4241.05579568 4300.5563935 4270.80609459 8.12933012916 0.458517162981
4300.5563935 4360.05699133 4330.30669241 7.47555519077 0.456427138455
4360.05699133 4419.55758915 4389.80729024 8.53100677019 0.474046121947
4419.55758915 4479.05818698 4449.30788807 8.10412030744 0.474278446301
4479.05818698 4538.55878481 4508.80848589 8.92932210166 0.491082209854
4538.55878481 4598.05938263 4568.30908372 7.69740170607 0.469170835312
4598.05938263 4657.55998046 4627.80968154 7.85034134528 0.470832537015
4657.55998046 4717.06057828 4687.31027937 8.46546120767 0.468239757734
4717.06057828 4776.56117611 4746.8108772 8.09067506318 0.47190815871
4776.56117611 4836.06177394 4806.31147502 8.87554112662 0.485337074935
4836.06177394 4895.56237176 4865.81207285 8.63184610116 0.489754627363
4895.56237176 4955.06296959 4925.31267068 8.6755431375 0.4842971125
4955.06296959 5014.56356741 4984.8132685 8.30411829455 0.471791427233
5014.56356741 5074.06416524 5044.31386633 11.5982028543 0.542914122886
5074.06416524 5133.56476307 5103.81446415 12.1931548533 0.542216517183
5133.56476307 5193.06536089 5163.31506198 8.28563108995 0.479590848024
5193.06536089 5252.56595872 5222.81565981 7.78143447319 0.46708917459
5252.56595872 5312.06655654 5282.31625763 7.49740371294 0.460858259864
5312.06655654 5371.56715437 5341.81685546 6.98816512783 0.443591150137
5371.56715437 5431.0677522 5401.31745328 6.91757761098 0.459400314946
5431.0677522 5490.56835002 5460.81805111 7.46715192087 0.468987176692
5490.56835002 5550.06894785 5520.31864894 8.25033732351 0.472969390313
5550.06894785 5609.56954568 5579.81924676 7.7797538104 0.453549695508
5609.56954568 5669.0701435 5639.31984459 7.46042929573 0.462369645737
5669.0701435 5728.57074133 5698.82044241 6.65203406134 0.455993736994
5728.57074133 5788.07133915 5758.32104024 6.9343841588 0.448605928168
5788.07133915 5847.57193698 5817.82163807 7.69740170807 0.472739409879
5847.57193698 5907.07253481 5877.32223589 8.12092686126 0.474576131803
5907.07253481 5966.57313263 5936.82283372 8.59151036637 0.479343420705
5966.57313263 6026.07373046 5996.32343154 6.87388056863 0.454181373885
6026.07373046 6085.57432828 6055.82402937 7.02177824149 0.45543590089
6085.57432828 6145.07492611 6115.3246272 8.63520741874 0.501342626045
6145.07492611 6204.57552394 6174.82522502 7.92765149327 0.472921611325
6204.57552394 nan nan 7.69572105529 0.477309086082
nan nan nan nan nan
nan 9308.55406308 nan 6.66870478558 0.463601711207
9308.55406308 9368.05587286 9338.30496797 7.30061833447 0.468504607677
9368.05587286 9427.55768265 9397.80677775 6.86533745595 0.459535420736
9427.55768265 9487.05949243 9457.30858754 6.76450019094 0.464973537397
9487.05949243 9546.56130221 9516.81039732 7.34431448678 0.473565520466
9546.56130221 9606.06311199 9576.3122071 6.84685062791 0.467539015843
9606.06311199 9665.56492178 9635.81401688 7.1443205713 0.47249969325
9665.56492178 9725.06673156 9695.31582667 7.49388977176 0.480778096455
9725.06673156 9784.56854134 9754.81763645 7.85354269952 0.489776370592
9784.56854134 9844.07035112 9814.31944623 7.32078579509 0.480898515254
9844.07035112 9903.57216091 9873.82125602 7.43338740394 0.468374972097
9903.57216091 9963.07397069 9933.3230658 7.12247250016 0.478826631245
9963.07397069 10022.5757805 9992.82487558 6.8468506259 0.463930588899
10022.5757805 10082.0775903 10052.3266854 7.46363858986 0.47814483818
10082.0775903 10141.5794 10111.8284951 6.93424292852 0.470537905825
10141.5794 10201.0812098 10171.3303049 6.52921323191 0.464335275493
10201.0812098 10260.5830196 10230.8321147 7.1107081483 0.471901539128
10260.5830196 10320.0848294 10290.3339245 6.68887224419 0.472580385939
10320.0848294 10379.5866392 10349.8357343 7.12919498235 0.474715234919
10379.5866392 10439.0884489 10409.3375441 7.41658119645 0.475199900863
10439.0884489 10498.5902587 10468.8393538 7.41994244556 0.487133771766
10498.5902587 10558.0920685 10528.3411636 6.94432665783 0.474982902943
10558.0920685 10617.5938783 10587.8429734 6.40988913485 0.470459864411
10617.5938783 10677.0956881 10647.3447832 6.42669534835 0.474316426856
10677.0956881 10736.5974979 10706.846593 6.87037933363 0.484893423002
10736.5974979 10796.0993076 10766.3484028 7.3342307695 0.490130906003
10796.0993076 10855.6011174 10825.8502125 7.88211326689 0.503457547497
10855.6011174 10915.1029272 10885.3520223 8.2232793606 0.509450022729
10915.1029272 10974.604737 10944.8538321 8.25016930942 0.526753425951
10974.604737 11034.1065468 11004.3556419 8.18798632105 0.516407596128
11034.1065468 11093.6083566 11063.8574517 7.28549276756 0.508495527776
11093.6083566 11153.1101663 11123.3592614 7.31910518456 0.499048273417
11153.1101663 11212.6119761 11182.8610712 6.52585199682 0.477127721252
11212.6119761 11272.1137859 11242.362881 7.78295661442 0.494036873616
11272.1137859 11331.6155957 11301.8646908 7.12079188161 0.483338576921
11331.6155957 11391.1174055 11361.3665006 7.16112679483 0.493665118255
11391.1174055 11450.6192153 11420.8683104 7.19137797874 0.499591313729
11450.6192153 11510.121025 11480.3701201 6.95777163825 0.494628245444
11510.121025 11569.6228348 11539.8719299 7.76615040492 0.497142961095
11569.6228348 11629.1246446 11599.3737397 8.18126383284 0.510405499388
11629.1246446 11688.6264544 11658.8755495 6.41493100451 0.481494291456
11688.6264544 11748.1282642 11718.3773593 6.7056784617 0.483423303097
11748.1282642 11807.6300739 11777.8791691 6.70735909027 0.496147712806
11807.6300739 11867.1318837 11837.3809788 6.57963188645 0.50006599014
11867.1318837 11926.6336935 11896.8827886 6.57627063934 0.491876782029
11926.6336935 nan nan 6.13762852573 0.49564364065
nan nan nan nan nan
nan 17231.2546702 nan 7.69517397448 0.574422541435
17231.2546702 17289.4989683 17260.3768193 5.8409152235 0.56184035579
17289.4989683 17347.7432664 17318.6211174 7.51146499868 0.562702764487
17347.7432664 17405.9875645 17376.8654154 6.72168813733 0.578485313333
17405.9875645 17464.2318625 17435.1097135 6.29589538148 0.567205647736
17464.2318625 17522.4761606 17493.3540116 7.9406915822 0.59630059886
17522.4761606 17580.7204587 17551.5983097 7.60074413937 0.58662191984
17580.7204587 17638.9647568 17609.8426077 6.54484679435 0.578589764988
17638.9647568 17697.2090549 17668.0869058 7.12344420594 0.589794158861
17697.2090549 17755.4533529 17726.3312039 6.80581655493 0.595551198896
17755.4533529 17813.697651 17784.575502 6.5963539883 0.588365511145
17813.697651 17871.9419491 17842.8198 8.38365339247 0.595618015676
17871.9419491 nan nan 7.70032470984 0.598717976903
nan nan nan nan nan
nan 20752.5251615 nan 6.67686343982 0.617589071714
20752.5251615 20812.0291506 20782.2771561 6.8146693356 0.63128448766
20812.0291506 20871.5331398 20841.7811452 6.07354256189 0.632864022136
20871.5331398 20931.0371289 20901.2851343 7.18775357097 0.642538833354
20931.0371289 20990.541118 20960.7891235 6.584432673 0.631148020036
20990.541118 21050.0451072 21020.2931126 6.62140499496 0.645846724494
21050.0451072 21109.5490963 21079.7971017 7.5843656383 0.650810669144
21109.5490963 21169.0530854 21139.3010908 6.74408584575 0.647700398124
21169.0530854 21228.5570745 21198.80508 7.56251836333 0.650270160177
21228.5570745 21288.0610637 21258.3090691 7.20455917295 0.650554580247
21288.0610637 21347.5650528 21317.8130582 8.48178444673 0.641152755547
21347.5650528 21407.0690419 21377.3170474 7.82132453488 0.645326129223
21407.0690419 21466.5730311 21436.8210365 6.93903074138 0.627069458333
21466.5730311 21526.0770202 21496.3250256 5.93405611312 0.628073032736
21526.0770202 21585.5810093 21555.8290148 7.20960085395 0.653454645326
21585.5810093 21645.0849985 21615.3330039 6.07690368389 0.636614960138
21645.0849985 21704.5889876 21674.836993 6.66341898789 0.650281018028
21704.5889876 21764.0929767 21734.3409822 6.64157170892 0.644546638278
21764.0929767 21823.5969658 21793.8449713 7.10540615211 0.643292220197
21823.5969658 21883.100955 21853.3489604 7.77762998896 0.649431373577
21883.100955 21942.6049441 21912.8529495 5.74751400646 0.637018544823
21942.6049441 22002.1089332 21972.3569387 7.04322545724 0.65568319731
22002.1089332 22061.6129224 22031.8609278 7.30539274077 0.641461031506
22061.6129224 22121.1169115 22091.3649169 6.24159852961 0.645588666527
22121.1169115 22180.6209006 22150.8689061 7.55915724534 0.651775522627
22180.6209006 22240.1248898 22210.3728952 8.62295149055 0.690386888205
22240.1248898 22299.6288789 22269.8768843 8.59102083757 0.664439790927
22299.6288789 22359.132868 22329.3808735 7.47176815751 0.664953916741
22359.132868 22418.6368572 22388.8848626 6.88021118253 0.661513169884
22418.6368572 22478.1408463 22448.3888517 7.08692001518 0.666911180157
22478.1408463 22537.6448354 22507.8928408 6.89365566051 0.663205965493
22537.6448354 22597.1488245 22567.39683 8.01795001756 0.660468470878
22597.1488245 22656.6528137 22626.9008191 8.13222806736 0.658356940009
22656.6528137 22716.1568028 22686.4048082 6.50880751217 0.657545650156
22716.1568028 22775.6607919 22745.9087974 10.0598299591 0.722929778063
22775.6607919 22835.1647811 22805.4127865 8.65824324149 0.690086144026
22835.1647811 22894.6687702 22864.9167756 7.01465596031 0.675768871339
22894.6687702 22954.1727593 22924.4207648 8.93553558202 0.701884661084
22954.1727593 23013.6767485 22983.9247539 9.35567546728 0.690055448594
23013.6767485 23073.1807376 23043.428743 8.20449214826 0.682079493057
23073.1807376 23132.6847267 23102.9327322 7.66839364219 0.682127109251
23132.6847267 23192.1887158 23162.4367213 7.29867053083 0.677557359892
23192.1887158 23251.692705 23221.9407104 6.9709614164 0.682158161439
23251.692705 23311.1966941 23281.4446995 8.35070084904 0.703022489045
23311.1966941 23370.7006832 23340.9486887 7.00289205335 0.688190690366
23370.7006832 nan nan 6.89197512155 0.688789602268
nan nan nan nan nan
nan 26473.5116672 nan 7.3809772103 0.73171708226
26473.5116672 26533.0159851 26503.2638262 7.65154581575 0.740966424979
26533.0159851 26592.5203031 26562.7681441 7.83304524852 0.742116628011
26592.5203031 26652.024621 26622.272462 7.91371166063 0.7398564252
26652.024621 26711.5289389 26681.77678 7.18771392756 0.732941530229
26711.5289389 26771.0332569 26741.2810979 7.02638109332 0.726015235842
26771.0332569 26830.5375748 26800.7854158 8.75062572864 0.763959387481
26830.5375748 26890.0418927 26860.2897338 10.0799410139 0.766916695393
26890.0418927 26949.5462107 26919.7940517 8.64138994942 0.752777741835
26949.5462107 27009.0505286 26979.2983697 7.25493594601 0.740550846669
27009.0505286 27068.5548466 27038.8026876 6.3491193419 0.745459987021
27068.5548466 27128.0591645 27098.3070055 6.67850719721 0.742856461423
27128.0591645 27187.5634824 27157.8113235 7.79439258716 0.736905498147
27187.5634824 27247.0678004 27217.3156414 8.55232078275 0.75155930623
27247.0678004 27306.5721183 27276.8199593 7.76918435153 0.757980352133
27306.5721183 27366.0764362 27336.3242773 7.27006088939 0.729981994686
27366.0764362 27425.5807542 27395.8285952 7.10872806516 0.734556214245
27425.5807542 27485.0850721 27455.3329131 8.33552978404 0.739423035492
27485.0850721 27544.58939 27514.8372311 6.9104231413 0.746826419178
27544.58939 27604.093708 27574.341549 6.80790955892 0.730417119564
27604.093708 27663.5980259 27633.8458669 6.6785071912 0.736038825233
27663.5980259 27723.1023438 27693.3501849 7.53726838941 0.733738731451
27723.1023438 27782.6066618 27752.8545028 5.24331723218 0.726903572827
27782.6066618 27842.1109797 27812.3588207 6.34575823246 0.73543615487
27842.1109797 27901.6152976 27871.8631387 6.93899249238 0.742409606452
27901.6152976 27961.1196156 27931.3674566 7.71372619308 0.759359587379
27961.1196156 28020.6239335 27990.8717745 7.35072731553 0.743673415983
28020.6239335 28080.1282514 28050.3760925 7.37257447377 0.748648850312
28080.1282514 28139.6325694 28109.8804104 7.01293670766 0.745052601368
28139.6325694 28199.1368873 28169.3847283 7.76918434352 0.749059935863
28199.1368873 28258.6412052 28228.8890463 5.70042692754 0.744459124776
28258.6412052 28318.1455232 28288.3933642 6.78774297843 0.756410071371
28318.1455232 28377.6498411 28347.8976822 6.37600814527 0.743958188882
28377.6498411 28437.1541591 28407.4020001 8.2632661385 0.758580004095
28437.1541591 28496.658477 28466.906318 6.08359239359 0.743365738349
28496.658477 28556.1627949 28526.410636 7.00285340539 0.744487577136
28556.1627949 28615.6671129 28585.9149539 6.66002114439 0.743325845005
28615.6671129 28675.1714308 28645.4192718 7.14738074054 0.755517177162
28675.1714308 28734.6757487 28704.9235898 6.33063329509 0.752655799056
28734.6757487 28794.1800667 28764.4279077 6.97260351462 0.760673206462
28794.1800667 28853.6843846 28823.9322256 7.24653321549 0.763913175127
28853.6843846 28913.1887025 28883.4365436 7.28686641654 0.757288860088
28913.1887025 28972.6930205 28942.9408615 7.26333871659 0.761895601373
28972.6930205 29032.1973384 29002.4451794 7.94228103575 0.762325477333
29032.1973384 29091.7016563 29061.9494974 5.79117665794 0.760656498367
29091.7016563 nan nan 7.5120601638 0.765951245467
nan nan nan nan nan
nan 32196.5126184 nan 8.8397026214 0.824361601342
32196.5126184 32256.0168847 32226.2647515 6.53734668787 0.789984464419
32256.0168847 32315.521151 32285.7690178 7.57592770034 0.820849331703
32315.521151 32375.0254173 32345.2732841 8.42628688984 0.823816688852
32375.0254173 32434.5296836 32404.7775504 8.56577268486 0.823403480439
32434.5296836 32494.0339499 32464.2818167 8.547286618 0.825864241199
32494.0339499 32553.5382162 32523.786083 11.3151553753 0.847436451059
32553.5382162 32613.0424825 32583.2903493 7.64314977911 0.829678719197
32613.0424825 32672.5467488 32642.7946156 9.96399175345 0.834334289676
32672.5467488 32732.0510151 32702.298882 8.29016220316 0.829142410666
32732.0510151 32791.5552814 32761.8031483 9.00439671399 0.845342592685
32791.5552814 32851.0595477 32821.3074146 11.0008922027 0.852435756772
32851.0595477 32910.563814 32880.8116809 7.32216439384 0.829060656849
32910.563814 32970.0680803 32940.3159472 8.35738427592 0.831845960123
32970.0680803 33029.5723466 32999.8202135 7.4263585943 0.820751267334
33029.5723466 33089.0766129 33059.3244798 7.00622066007 0.824630497401
33089.0766129 33148.5808792 33118.8287461 7.10369264784 0.810421582972
33148.5808792 33208.0851455 33178.3330124 6.68859637112 0.816668618808
33208.0851455 33267.5894118 33237.8372787 4.917294803 0.794437184839
33267.5894118 33327.0936781 33297.341545 7.13394257688 0.807828137911
33327.0936781 33386.5979445 33356.8458113 6.30206946225 0.810611488734
33386.5979445 33446.1022108 33416.3500776 5.87688987852 0.820448397967
33446.1022108 33505.6064771 33475.8543439 6.21468077748 0.817142263311
33505.6064771 33565.1107434 33535.3586102 7.6095387277 0.812966805088
33565.1107434 33624.6150097 33594.8628765 6.71212408347 0.804055769826
33624.6150097 33684.119276 33654.3671428 9.03296607584 0.82734537734
33684.119276 33743.6235423 33713.8714091 8.96070234757 0.824371879262
33743.6235423 33803.1278086 33773.3756754 7.84145488705 0.830876075055
33803.1278086 33862.6320749 33832.8799417 7.13730369925 0.827184920717
33862.6320749 33922.1363412 33892.384208 5.83319552011 0.807195094181
33922.1363412 33981.6406075 33951.8884743 7.33896990352 0.821084982281
33981.6406075 34041.1448738 34011.3927406 5.5794322096 0.8114124367
34041.1448738 34100.6491401 34070.897007 5.77605677038 0.817361706142
34100.6491401 34160.1534064 34130.4012733 6.66002699125 0.816580428356
34160.1534064 34219.6576727 34189.9055396 7.10201210469 0.819271999027
34219.6576727 34279.161939 34249.4098059 6.0617505651 0.814124562561
34279.161939 34338.6662053 34308.9140722 7.04487334695 0.821145174104
34338.6662053 34398.1704716 34368.4183385 6.68523528882 0.838162448722
34398.1704716 34457.6747379 34427.9226048 7.56416385418 0.837149278131
34457.6747379 34517.1790042 34487.4268711 7.88851032376 0.818313096092
34517.1790042 34576.6832705 34546.9311374 7.68012191883 0.830862478409
34576.6832705 34636.1875368 34606.4354037 5.33239111579 0.825506798885
34636.1875368 34695.6918031 34665.93967 5.93738974461 0.823520090991
34695.6918031 34755.1960695 34725.4439363 6.89530422889 0.808673753365
34755.1960695 34814.7003358 34784.9482026 6.35920823001 0.819037550814
34814.7003358 34874.2046021 34844.4524689 6.33904160798 0.818009323987
